16
120
0 3 13
0 6 8
0 7 16
0 8 1
0 9 14
0 12 2
1 3 14
1 4 5
1 5 3
1 10 11
1 11 10
1 12 4
2 2 7
2 3 6
2 4 4
2 6 14
2 7 12
2 8 15
2 9 8
2 11 2
2 12 9
2 13 3
3 0 8
3 1 1
3 2 4
3 6 11
3 9 7
3 13 13
3 14 14
3 15 6
4 1 10
4 2 6
4 5 4
4 7 8
4 8 11
4 10 2
4 13 15
4 14 9
5 1 8
5 4 11
5 5 16
5 10 15
5 11 14
5 14 12
6 0 9
6 2 1
6 3 16
6 7 7
6 8 8
6 12 3
6 13 6
6 15 11
7 0 4
7 2 11
7 4 9
7 6 13
7 9 6
7 11 12
7 13 10
7 15 2
8 0 14
8 2 9
8 4 15
8 6 5
8 9 11
8 11 16
8 13 8
8 15 4
9 0 13
9 2 15
9 3 11
9 7 14
9 8 10
9 12 12
9 13 5
9 15 9
10 1 16
10 4 12
10 5 8
10 10 13
10 11 5
10 14 7
11 1 7
11 2 8
11 5 11
11 7 13
11 8 4
11 10 9
11 13 16
11 14 1
12 0 15
12 1 9
12 2 14
12 6 16
12 9 5
12 13 1
12 14 2
12 15 13
13 2 2
13 3 10
13 4 3
13 6 15
13 7 11
13 8 13
13 9 12
13 11 1
13 12 5
13 13 9
14 3 1
14 4 6
14 5 9
14 10 10
14 11 15
14 12 8
15 3 8
15 6 10
15 7 2
15 8 9
15 9 16
15 12 6
